00000000000000101001001000010011
00000000000001000001010000010011
00000111000100011110000100010011
01011000001001000100001010010011
00000001010100011001001100010011
10110000101000100000000100010011
00000001000100100101000110010011
00000001001100001101001100010011
01001011001100011111001110010011
00000000000100011000010000110011
00000000100001001001001000110011
00000000010000101111010010110011
01000000100100101101000110110011
00000000001000011001001000110011
00000000010001001001000110110011
00000000010101000100001010110011
00000000001100110000001100110011
00000000010001000100001000110011
00000110111100000000000100100011
00000011101100000000101110100011
00001010010000000000101010100011
00000000000000100000001110010111
00000000000000100000001000010111
00000001000000000000000101101111
00000000001001001101010001100011
00000000000100101100010001100011
00000000010000101111010001100011
00000000011000100100010001100011
00000000100100101000010001100011
00000000100000000000000111100111
00001000000100000000000100000011
00001110101000000000001000000011
00001011011100000100000100000011
00000001001000000101000010000011
00000000011000000100001110000011
