01000001001000010111011100110011
00000000011011011111010100110011
11111110000011111100011110010011
00000001110001111010011010110011
00000001011000100000010010110011
00000000010011111010110110110011
00000001101100111110100000110011
01000000010010010010110100110011
00000001110111101100000110110011
01100000100101000101111100010011
00000001010010111110010100110011
01000001100111110100010010110011
11001111100001001111110000010011
01000000111111110101110100110011
01000001011000011110100100110011
00000000000110110011101000110011
01000001001101100101001000110011
01000001010110100001001010110011
10010010000111000000001110010011
11011101010000110011011110010011
01011100001101010111000000010011
00000000111111100001111000110011
00000000010001111100110010110011
00000000001011100100110010110011
11000001100110000010001010010011
01000000111111111100111110110011
01000001100001110100011010110011
00100001111000110101000010010011
01000001110100010101011110110011
01011011010010110000001010010011